

#Vertex for TopShelve
v 0.0 400.0 20.0
v 0.0 400.0 0.0
v 400.0 400.0 0.0
v 400.0 400.0 20.0
v 0.0 395.0 20.0
v 0.0 395.0 0.0
v 400.0 395.0 0.0
v 400.0 395.0 20.0

#Faces for TopShelve
f 1 2 3 4
f 5 6 7 8
f 1 2 6 5
f 2 3 7 6
f 3 4 8 7
f 1 4 8 5


#Vertex for BottomShelve
v 0.0 5.0 20.0
v 0.0 5.0 0.0
v 404.0 5.0 0.0
v 404.0 5.0 20.0
v 0.0 0.0 20.0
v 0.0 0.0 0.0
v 404.0 0.0 0.0
v 404.0 0.0 20.0

#Faces for BottomShelve
f 9 10 11 12
f 13 14 15 16
f 9 10 14 13
f 10 11 15 14
f 11 12 16 15
f 9 12 16 13


#Vertex for Back Shelve 1
v 0.0 400.0 0.0
v 0.0 400.0 -2.0
v 404.0 400.0 -2.0
v 404.0 400.0 0.0
v 0.0 0.0 0.0
v 0.0 0.0 -2.0
v 404.0 0.0 -2.0
v 404.0 0.0 0.0

#Faces for Lateral Shelve 1
f 17 18 19 20
f 21 22 23 24
f 17 18 22 21
f 18 19 23 22
f 19 20 24 23
f 17 20 24 21


#Vertex for Lateral Shelve 1
v 0.0 400.0 20.0
v 0.0 400.0 0.0
v 4.0 400.0 0.0
v 4.0 400.0 20.0
v 0.0 5.0 20.0
v 0.0 5.0 0.0
v 4.0 5.0 0.0
v 4.0 5.0 20.0

#Faces for Lateral Shelve 1
f 25 26 27 28
f 29 30 31 32
f 25 26 30 29
f 26 27 31 30
f 27 28 32 31
f 25 28 32 29


#Vertex for Lateral Shelve 2
v 400.0 400.0 20.0
v 400.0 400.0 0.0
v 404.0 400.0 0.0
v 404.0 400.0 20.0
v 400.0 5.0 20.0
v 400.0 5.0 0.0
v 404.0 5.0 0.0
v 404.0 5.0 20.0

#Faces for Lateral Shelve 2
f 33 34 35 36
f 37 38 39 40
f 33 34 38 37
f 34 35 39 38
f 35 36 40 39
f 33 36 40 37


#Vertex for Shelve 
v 4.0 85.0 20.0
v 0.0 85.0 0.0
v 400.0 85.0 0.0
v 400.0 85.0 20.0
v 0.0 80.0 20.0
v 0.0 80.0 0.0
v 400.0 80.0 0.0
v 400.0 80.0 20.0

#Faces for Shelve 
f 41 42 43 44
f 45 46 47 48
f 41 42 46 45
f 42 43 47 46
f 43 44 48 47
f 41 44 48 45


#Vertex for Shelve 
v 4.0 213.33333333333334 20.0
v 0.0 213.33333333333334 0.0
v 400.0 213.33333333333334 0.0
v 400.0 213.33333333333334 20.0
v 0.0 208.33333333333334 20.0
v 0.0 208.33333333333334 0.0
v 400.0 208.33333333333334 0.0
v 400.0 208.33333333333334 20.0

#Faces for Shelve 
f 49 50 51 52
f 53 54 55 56
f 49 50 54 53
f 50 51 55 54
f 51 52 56 55
f 49 52 56 53


#Vertex for Shelve 
v 4.0 341.6666666666667 20.0
v 0.0 341.6666666666667 0.0
v 400.0 341.6666666666667 0.0
v 400.0 341.6666666666667 20.0
v 0.0 336.6666666666667 20.0
v 0.0 336.6666666666667 0.0
v 400.0 336.6666666666667 0.0
v 400.0 336.6666666666667 20.0

#Faces for Shelve 
f 57 58 59 60
f 61 62 63 64
f 57 58 62 61
f 58 59 63 62
f 59 60 64 63
f 57 60 64 61
